INSERT INTO `libromayor` (`CodigoCuenta`, `CargoLibroMayor`,`AbonoLibroMayor`,`SaldoLibroMayor`) VALUES
(1212010,0,0,0),
(121202,0,0,0),
(121203,0,0,0),
(1111106,0,0,0),
(2212103,0,0,0),
(2212105,0,0,0),
(2212106,0,0,0),
(2222201,0,0,0),
(2222202,0,0,0),
(2232301,0,0,0),
(3313101,0,0,0),
(3313103,0,0,0),
(3323201,0,0,0),
(4414101,0,0,0),
(4414102,0,0,0),
(4414103,0,0,0),
(4424201,0,0,0),
(4424202,0,0,0),
(4424203,0,0,0),
(4424205,0,0,0),
(5515101,0,0,0),
(5515102,0,0,0),
(6616101,0,0,0),
(7717101,0,0,0),
(7727201,0,0,0),
(12120801,0,0,0),
(12120802,0,0,0),
(12120803,0,0,0),
(12131301,0,0,0),
(77777777,0,0,0),
(111110101,0,0,0),
(111110102,0,0,0),
(111110201,0,0,0),
(111110202,0,0,0),
(111110301,0,0,0),
(111110701,0,0,0),
(111110702,0,0,0),
(111110703,0,0,0),
(111110704,0,0,0),
(111110901,0,0,0),
(111110902,0,0,0),
(111110903,0,0,0),
(111110904,0,0,0),
(111110905,0,0,0),
(221210201,0,0,0),
(221210202,0,0,0),
(221210302,0,0,0),
(221210304,0,0,0),
(221210401,0,0,0),
(221210402,0,0,0),
(221210403,0,0,0),
(442420401,0,0,0),
(442420402,0,0,0);